United_States_09d4=0.0050767928535136045
Wikimedia_Commons_7b57=0.004706244253767376
Country=0.003836126622837658
England=0.002702855852051437
Water=0.0026180991356247567
Animal=0.002496448974145021
City=0.002457620989640029
Germany=0.002310479437855435
United_Kingdom_5ad7=0.002304565998438304
France=0.002275496142046253
Earth=0.0022592036567572007
Europe=0.0019905669553382213
Wiktionary=0.0017189702905894676
English_language=0.0017099309439079246
Government=0.001688481741604185
Computer=0.001681208205464196
India=0.001672075550150269
Money=0.0016270648705998545
Japan=0.0015201969316217616
Plant=0.0014891490060909979
Italy=0.001475973138313848
Canada=0.0014474123057910213
Spain=0.0014435281744886075
Food=0.0013928570468775287
Human=0.0013794525371759042
China=0.001365054689178859
People=0.001349463874098243
Australia=0.0013013749139914248
Asia=0.0012522496974328268
Capital_(city)=0.0012437361178170001
Television=0.0012413974888529607
Sun=0.0012224071020821028
Number=0.001212118082812463
State=0.0012084178563489104
Sound=0.0012068187562997426
Mathematics=0.001203658703128972
Science=0.0012010877457827528
Metal=0.0011634264604546505
2004=0.0011481751291122872
Year=0.0011450874238018373
Language=0.0011243781714696433
Russia=0.0011193771235802228
Wikipedia=0.0010962064568179278
Religion=0.0010747428613672831
19th_century=0.0010720686607921023
Music=0.0010694176815362428
Scotland=0.0010320836824552508
20th_century=0.001029906816308743
Greece=0.0010274365570942267
London=0.0010078542863128136
Latin=0.0010051898716218759
Greek_language=9.7977509320229E-4
Energy=9.717443477147649E-4
World=9.616421758378918E-4
Centuries=9.550798720936863E-4
Culture=9.203628212176051E-4
History=9.127119270912811E-4
Liquid=8.899114704603415E-4
Netherlands=8.867390653717205E-4
Society=8.773693636292525E-4
Light=8.772817530643321E-4
Planet=8.769429889171287E-4
Wikimedia_Foundation_83d9=8.67906970233441E-4
Scientist=8.669565730363553E-4
Image=8.660894174466361E-4
Law=8.656230086296951E-4
Atom=8.632434301791898E-4
List_of_decades=8.592781857519102E-4
Geography=8.551819003391413E-4
Uniform_Resource_Locator_1b4e=8.417714716612606E-4
Africa=8.39733695698898E-4
Turkey=8.223629545134514E-4
Inhabitant=8.216330452504145E-4
Capital_city=8.070006505577678E-4
Plural=8.000613542220525E-4
Electricity=7.925068990255172E-4
Poland=7.799775740314491E-4
Building=7.78456201921331E-4
Car=7.773715728139561E-4
Book=7.763599136601098E-4
Sweden=7.734054137899066E-4
Biology=7.692630425061944E-4
War=7.533229967262525E-4
Chemical_element=7.489610389276365E-4
God=7.458725845051095E-4
North_America_e7c4=7.387165783486276E-4
September_7=7.364916368227741E-4
Website=7.274047061268845E-4
Nation=7.217829976195877E-4
Politics=7.215808190512085E-4
2006=7.179648408418804E-4
Species=7.166933132218292E-4
Fish=7.162989548527231E-4
Mammal=7.063697770733462E-4
Portugal=7.00400823815218E-4
Island=7.003747594478744E-4
River=6.95464291897601E-4
Gas=6.946816380341632E-4
Switzerland=6.896908194948997E-4
World_War_II_d045=6.872709495966879E-4
