United_States_09d4=0.002461646404463219
2006=0.0011519753273787142
United_Kingdom_5ad7=0.0011293530287302454
Biography=9.255653667320704E-4
2005=8.594055095343588E-4
England=8.257380126615596E-4
Canada=8.03583797006945E-4
Geographic_coordinate_system=7.265226181100208E-4
France=6.779370255316797E-4
2004=6.747193674535392E-4
Australia=6.388298607680428E-4
Germany=6.127667756196197E-4
2003=5.504094147760771E-4
India=5.473836844327611E-4
Japan=5.465480638253639E-4
Internet_Movie_Database_7ea7=5.016996480552739E-4
Europe=4.7668301290342344E-4
Record_label=4.6440728583001305E-4
2001=4.5666744817528774E-4
2002=4.526246696380428E-4
World_War_II_d045=4.470609284201436E-4
Population_density=4.421752744663482E-4
Music_genre=4.4136914317635315E-4
2000=4.355695794167349E-4
Italy=4.161866190018113E-4
London=4.0703788372334023E-4
Wiktionary=4.068790835767435E-4
Wikimedia_Commons_7b57=4.059935214807896E-4
English_language=3.903056276870463E-4
1999=3.8029770864874183E-4
Spain=3.390686262062769E-4
1998=3.3391236775586765E-4
Russia=3.210619253562633E-4
1997=3.160724727356851E-4
Television=3.160671034268545E-4
New_York_City_1428=3.1327901577226264E-4
Football_(soccer)=3.0729561637475247E-4
Census=3.043776749272599E-4
1996=3.0326537267217246E-4
Scotland=3.017618816370627E-4
1995=2.9064071418208445E-4
China=2.884508360252669E-4
Scientific_classification=2.8635285792889007E-4
Population=2.859364532475118E-4
Square_mile=2.8574779181938896E-4
California=2.83082717102781E-4
1994=2.7229420075344655E-4
Sweden=2.69668174033302E-4
Film=2.6935770878573016E-4
Public_domain=2.688528762231674E-4
Record_producer=2.6853196389919995E-4
New_Zealand_2311=2.655272101531411E-4
New_York_3da4=2.614985328881043E-4
Marriage=2.593465133032446E-4
Netherlands=2.58702995732379E-4
United_States_Census_Bureau_2c85=2.5787689772968766E-4
1993=2.5737395426617035E-4
1991=2.5457996777029836E-4
1990=2.5123299976556027E-4
Politician=2.494079379934199E-4
1992=2.4938683317676915E-4
Album=2.466362892623364E-4
Actor=2.4308866409667048E-4
Latin=2.4244608940100166E-4
Ireland=2.4185322053530325E-4
Per_capita_income=2.4058740527571683E-4
Studio_album=2.382343588039991E-4
Poverty_line=2.3637569381017176E-4
Km²=2.348855927799239E-4
1989=2.3108210219543776E-4
Norway=2.2595905439578353E-4
Website=2.245038760180804E-4
1980=2.2012555163052964E-4
Animal=2.1592457973418957E-4
Area=2.1507277449716873E-4
Personal_name=2.132804996600873E-4
1986=2.124540399505844E-4
Poland=2.1171297711228488E-4
Brazil=2.1158108205058068E-4
1985=2.0967868773548288E-4
1987=2.0908010677546718E-4
1983=2.075201634592295E-4
1982=2.0688586790408426E-4
1981=2.0516430894559732E-4
1979=2.050803585126115E-4
1984=2.0483805394000353E-4
1988=2.0462881434657798E-4
French_language=2.0441065049910757E-4
World_War_I_9429=2.0422601187798604E-4
1974=2.0374750866574814E-4
Paris=2.0361100861877903E-4
Mexico=2.0202536712516945E-4
USA_f75d=1.9792452295481152E-4
1970=1.9746665752891823E-4
19th_century=1.974003612721625E-4
January_1=1.9634240064127838E-4
1975=1.9494987835573505E-4
1976=1.948575696993671E-4
White_(U.S._Census)_c45a=1.9433240012146842E-4
Africa=1.9423976176076826E-4
