United_States_09d4=0.0024616464044632425
2006=0.0011519753273787365
United_Kingdom_5ad7=0.0011293530287302578
Biography=9.255653667320663E-4
2005=8.594055095343528E-4
England=8.257380126615658E-4
Canada=8.035837970069384E-4
Geographic_coordinate_system=7.26522618110022E-4
France=6.779370255316855E-4
2004=6.747193674535384E-4
Australia=6.388298607680512E-4
Germany=6.127667756196283E-4
2003=5.504094147760846E-4
India=5.47383684432757E-4
Japan=5.465480638253675E-4
Internet_Movie_Database_7ea7=5.016996480552692E-4
Europe=4.76683012903423E-4
Record_label=4.6440728583001034E-4
2001=4.566674481752922E-4
2002=4.5262466963804455E-4
World_War_II_d045=4.470609284201414E-4
Population_density=4.421752744663565E-4
Music_genre=4.4136914317635326E-4
2000=4.355695794167384E-4
Italy=4.1618661900180877E-4
London=4.0703788372333904E-4
Wiktionary=4.068790835767453E-4
Wikimedia_Commons_7b57=4.0599352148079025E-4
English_language=3.9030562768704657E-4
1999=3.8029770864873803E-4
Spain=3.3906862620627654E-4
1998=3.339123677558714E-4
Russia=3.2106192535626176E-4
1997=3.160724727356874E-4
Television=3.1606710342684983E-4
New_York_City_1428=3.1327901577226345E-4
Football_(soccer)=3.07295616374756E-4
Census=3.0437767492726516E-4
1996=3.032653726721694E-4
Scotland=3.017618816370648E-4
1995=2.9064071418208375E-4
China=2.884508360252689E-4
Scientific_classification=2.863528579288903E-4
Population=2.859364532475126E-4
Square_mile=2.857477918193917E-4
California=2.8308271710278003E-4
1994=2.722942007534465E-4
Sweden=2.69668174033304E-4
Film=2.6935770878573064E-4
Public_domain=2.688528762231652E-4
Record_producer=2.6853196389920266E-4
New_Zealand_2311=2.6552721015314087E-4
New_York_3da4=2.614985328881073E-4
Marriage=2.5934651330324635E-4
Netherlands=2.5870299573237945E-4
United_States_Census_Bureau_2c85=2.578768977296869E-4
1993=2.5737395426617035E-4
1991=2.545799677703004E-4
1990=2.512329997655602E-4
Politician=2.4940793799341844E-4
1992=2.493868331767719E-4
Album=2.466362892623333E-4
Actor=2.4308866409667135E-4
Latin=2.4244608940100193E-4
Ireland=2.4185322053530252E-4
Per_capita_income=2.405874052757147E-4
Studio_album=2.382343588040016E-4
Poverty_line=2.3637569381017198E-4
Km²=2.3488559277992568E-4
1989=2.3108210219543855E-4
Norway=2.2595905439578168E-4
Website=2.2450387601808186E-4
1980=2.2012555163052877E-4
Animal=2.1592457973419017E-4
Area=2.150727744971685E-4
Personal_name=2.1328049966008703E-4
1986=2.124540399505827E-4
Poland=2.1171297711228507E-4
Brazil=2.1158108205058092E-4
1985=2.0967868773548348E-4
1987=2.0908010677546824E-4
1983=2.0752016345922903E-4
1982=2.0688586790408413E-4
1981=2.0516430894559535E-4
1979=2.0508035851261202E-4
1984=2.048380539400035E-4
1988=2.0462881434657826E-4
French_language=2.044106504991081E-4
World_War_I_9429=2.042260118779863E-4
1974=2.0374750866574735E-4
Paris=2.0361100861877865E-4
Mexico=2.0202536712516923E-4
USA_f75d=1.979245229548131E-4
1970=1.9746665752891932E-4
19th_century=1.9740036127216258E-4
January_1=1.9634240064127914E-4
1975=1.9494987835573483E-4
1976=1.9485756969936802E-4
White_(U.S._Census)_c45a=1.9433240012146777E-4
Africa=1.9423976176076855E-4
